4.184374511241912842e-01 4.337415993213653564e-01 2.870438396930694580e-01
3.174403309822082520e-01 3.914548754692077637e-01 4.016143083572387695e-01
6.508373022079467773e-01 7.700355648994445801e-01 8.648998141288757324e-01
9.329482913017272949e-01 3.015961050987243652e-01 1.753982603549957275e-01
6.124512553215026855e-01 4.191408455371856689e-01 2.067284882068634033e-01
1.919140815734863281e-01 1.742415875196456909e-01 1.561452448368072510e-01
7.262803912162780762e-01 7.238448262214660645e-01 6.944148540496826172e-01
7.933353185653686523e-01 6.681304574012756348e-01 2.806985080242156982e-01
4.496169388294219971e-01 5.166136622428894043e-01 4.584524333477020264e-01
2.994920909404754639e-01 3.037557005882263184e-01 2.265072762966156006e-01
5.863312482833862305e-01 5.793351531028747559e-01 3.643799424171447754e-01
8.796409964561462402e-01 4.137240946292877197e-01 4.165593683719635010e-01
4.712122976779937744e-01 7.230155467987060547e-01 8.929748535156250000e-01
5.607467293739318848e-01 6.337808370590209961e-01 5.920922160148620605e-01
7.107048034667968750e-01 7.067635059356689453e-01 4.958017766475677490e-01
3.848885297775268555e-01 5.453065037727355957e-01 6.750745177268981934e-01
